0111100011101010100111011001011111111010011110100111
0010111001000000011010001111000111000101100111110001
0111011101101101100101111000100101010101111101000010
1101101000001001110111000111000100100011100110011101
1010010010010100111100110100011000110010100110110001
0100100101101111011100000011111101110001110001001001
0000100110111110100001001110000010011001101000100001
1010100101001001111111001101011100001010000100011010
1101011010111110011010111110111100001010100111111011
0011000000100011101100000111010011011000010110100101
0000000000000000000000000000000000000000000000000000
0000000000000000000000000000000000000000000000000000
0000000000000000000000000000000000000000000000000000
0000000000000000000000000000000000000000000000000000
0000000000000000000000000000000000000000000000000000
0000000000000000000000000000000000000000000000000000
0000000000000000000000000000000000000000000000000000
0000000000000000000000000000000000000000000000000000
0000000000000000000000000000000000000000000000000000
0000000000000000000000000000000000000000000000000000
