0010111111111101011010100100110101
1011101101011000010010101010101100
0111110101001110011110111011000111
0001000100000111000101111010101101
0011000111011111000011111000011100
1000101101011001110100000100111010
1001100000110001110000100111110011
1000001010101001000000010100111110
0000101010101010110000111111000000
1001110111001010100100001001001100
0000000000000000000000000000000000
0000000000000000000000000000000000
0000000000000000000000000000000000
0000000000000000000000000000000000
0000000000000000000000000000000000
0000000000000000000000000000000000
0000000000000000000000000000000000
0000000000000000000000000000000000
