000000001000000000000000
000000100000000000000000
000001001000000000000000
000100111000111101001011
101000111111000010111000
011111010110100110011111
111000110010101011101111
100000111101100011110100
111101000000111110110010
000011001110101010110111
110110111000011100000010
101101100110000001100010
011001011000001100011100
001000110111100011010111
011110101001111100010100
001010111110001000011100
111010111110010000000000
111010111110110011010010
001111101100100110101001
001100101100011110000101
010000110010101111001101
110011101110111110010011
110001101000111101111110
011100101011101111010101
001101110011100100110011
100111010010110111001011
110010001100000110111110
011010011100011111001100
001011100111000100110101
010010010000011011100001
000111001001111010010111
010111111100110011111111
010101110011100100100001
011000110111111011101011
011010111010111011101010
100010000100001011101110
100101111000000000100111
111001011111010101001011
100011110001110101110000
011100101110001010000001
011100110011010101111100
110011010001101111010100
101001111101111111000111
010110010111000110001000
100100101101111111111000
100101111100001101000010
110011101100100001010100
100000111100010111110100
101100001011111011100001
001001101101001101111001
000001110010111000010100
011010110001111100100111
011011010100011101010111
010001101010100010011010
000111100010100100101101
110010011101100011100001
001110100000100101000111
101110011010001010101001
111110010000101111111110
100101000001111000010111
111100111001101110001100
010010001111110010000000
110101011100000000111001
111110110011000111111111
110010010100011001001000
101000010010010011111010
000000110110011001001010
100100011011101001100110
111011101001010000011100
001000000011000001001001
111010101011000001000000
010001100100011001100111
101001110001000011110100
101101110100010001101110
110110001101011000011000
100101000101110100010000
011000000100100010010000
011010011001011111010100
111111010100000100010000
011101101100111000010100
110010110111101001001100
110010100111010010111100
000110101010001110111100
000010000011001110100111
001011010011010111010110
111000001011001001001111
100101111100011011001110
101011000101000111000111
010110000011110001111110
101111111000101110000011
111111110111111001111111
110000011100001000001011
100111000111101101100001
100111000100010110000100
000011101000010010010110
011101101001011011001011
111001101100001110001010
010001100011010001100110
101111000011110001010000
100001001011001110010110
000000000000000000000000
000000000000000000000000
000000000000000000000000
000000000000000000000000
000000000000000000000000
000000000000000000000000
000000000000000000000000
000000000000000000000000
000000000000000000000000
000000000000000000000000
000000000000000000000000
000000000000000000000000
